{
  "advancedEditorSelectedIdentifier" : "ProjectBrowser",
  "openSceneRelativePaths" : [
    "Immersive.usda",
    "Dream1.usda",
    "Dream01.usda"
  ],
  "recentIdentifiers" : {
    "3CE2B8BD-0E52-49FA-9D44-B1810074E873" : [

    ],
    "509A128B-A962-4E3F-8D7A-B327D190D478" : [

    ]
  },
  "sceneCameraHistory" : {
    "3CE2B8BD-0E52-49FA-9D44-B1810074E873" : [
      {
        "date" : 752684170.35709,
        "title" : "Untitled",
        "transform" : [
          -0.93784344,
          3.2221327e-05,
          -0.34705856,
          0,
          -0.08263241,
          0.9712215,
          0.2233849,
          0,
          0.33707786,
          0.23817831,
          -0.910851,
          0,
          627.6515,
          872.5397,
          -1664.5231,
          1
        ]
      },
      {
        "date" : 752684146.268469,
        "title" : "Untitled",
        "transform" : [
          -0.93784344,
          3.2221327e-05,
          -0.34705856,
          0,
          -0.08263241,
          0.9712215,
          0.2233849,
          0,
          0.33707786,
          0.23817831,
          -0.910851,
          0,
          226.26323,
          398.5006,
          -663.72125,
          1
        ]
      },
      {
        "date" : 752684142.394232,
        "title" : "Untitled",
        "transform" : [
          -0.6757512,
          3.2222113e-05,
          -0.73712975,
          0,
          -0.24689119,
          0.94223106,
          0.22637463,
          0,
          0.69455385,
          0.33496377,
          -0.6367059,
          0,
          510.64563,
          466.43137,
          -521.1365,
          1
        ]
      },
      {
        "date" : 752684139.60065,
        "title" : "Untitled",
        "transform" : [
          -0.65649813,
          3.22286e-05,
          -0.7543277,
          0,
          -0.14979488,
          0.980079,
          0.13040979,
          0,
          0.7393049,
          0.1986082,
          -0.6434152,
          0,
          568.5585,
          367.22708,
          -548.6659,
          1
        ]
      },
      {
        "date" : 752684138.198411,
        "title" : "Untitled",
        "transform" : [
          -0.65649813,
          3.22286e-05,
          -0.7543277,
          0,
          -0.14979488,
          0.980079,
          0.13040979,
          0,
          0.7393049,
          0.1986082,
          -0.6434152,
          0,
          671.88354,
          233.20547,
          -471.3117,
          1
        ]
      },
      {
        "date" : 752684115.645934,
        "title" : "Untitled",
        "transform" : [
          -0.65649813,
          3.22286e-05,
          -0.7543277,
          0,
          -0.14979488,
          0.980079,
          0.13040979,
          0,
          0.7393049,
          0.1986082,
          -0.6434152,
          0,
          296.47247,
          132.34026,
          -144.6617,
          1
        ]
      },
      {
        "date" : 752684111.626631,
        "title" : "Untitled",
        "transform" : [
          -0.65774035,
          3.22286e-05,
          -0.7532448,
          0,
          -0.14957976,
          0.980079,
          0.13065647,
          0,
          0.7382436,
          0.1986082,
          -0.6446327,
          0,
          618.59595,
          329.4942,
          -361.0598,
          1
        ]
      },
      {
        "date" : 752684097.331833,
        "title" : "Untitled",
        "transform" : [
          -0.6532694,
          3.2228603e-05,
          -0.7571258,
          0,
          -0.15035067,
          0.980079,
          0.12976861,
          0,
          0.74204713,
          0.19860823,
          -0.6402508,
          0,
          312.10492,
          141.488,
          -153.67021,
          1
        ]
      },
      {
        "date" : 752684033.417856,
        "title" : "Untitled",
        "transform" : [
          -0.8564567,
          3.2241318e-05,
          -0.5162187,
          0,
          -0.50228965,
          0.23068066,
          0.83336157,
          0,
          0.11910853,
          0.97302955,
          -0.19755182,
          0,
          138.9623,
          770.4175,
          72.21542,
          1
        ]
      },
      {
        "date" : 752684023.351665,
        "title" : "Untitled",
        "transform" : [
          -0.7028921,
          3.2238026e-05,
          -0.7112964,
          0,
          -0.53613204,
          0.65714943,
          0.52982736,
          0,
          0.46744514,
          0.75376034,
          -0.46188796,
          0,
          455.22046,
          563.9141,
          -307.19843,
          1
        ]
      }
    ],
    "509A128B-A962-4E3F-8D7A-B327D190D478" : [
      {
        "date" : 752682764.812137,
        "title" : "Untitled",
        "transform" : [
          -0.7423053,
          6.72014e-09,
          0.67006195,
          0,
          -0.09767192,
          0.98931915,
          -0.10820253,
          0,
          -0.66290516,
          -0.14576553,
          -0.73437667,
          0,
          -15.212304,
          -0.87499976,
          -11.890532,
          1
        ]
      },
      {
        "date" : 752682735.148609,
        "title" : "Untitled",
        "transform" : [
          0.9834458,
          4.959978e-09,
          -0.18120211,
          0,
          -0.05136594,
          0.95898014,
          -0.27878046,
          0,
          0.17376928,
          0.28347316,
          0.9431051,
          0,
          1.9012759,
          2.117463,
          4.921721,
          1
        ]
      },
      {
        "date" : 752682729.842075,
        "title" : "Untitled",
        "transform" : [
          0.9834458,
          4.959978e-09,
          -0.18120211,
          0,
          -0.05136594,
          0.95898014,
          -0.27878046,
          0,
          0.17376928,
          0.28347316,
          0.9431051,
          0,
          1.2762427,
          1.0978353,
          1.5294592,
          1
        ]
      },
      {
        "date" : 752681316.815781,
        "title" : "Untitled",
        "transform" : [
          0.9852653,
          4.9599787e-09,
          -0.17103344,
          0,
          -0.048483394,
          0.95898014,
          -0.2792962,
          0,
          0.1640177,
          0.28347316,
          0.9448498,
          0,
          1.1086128,
          0.8388387,
          2.456962,
          1
        ]
      },
      {
        "date" : 752679329.292337,
        "title" : "Untitled",
        "transform" : [
          0.12904614,
          4.681805e-09,
          -0.99163866,
          0,
          -0.36220673,
          0.93090516,
          -0.047135476,
          0,
          0.9231215,
          0.36526087,
          0.120129675,
          0,
          7.1888914,
          3.07936,
          0.15447581,
          1
        ]
      },
      {
        "date" : 752679321.175318,
        "title" : "Untitled",
        "transform" : [
          0.12904614,
          4.681805e-09,
          -0.99163866,
          0,
          -0.36220673,
          0.93090516,
          -0.047135476,
          0,
          0.9231215,
          0.36526087,
          0.120129675,
          0,
          1.2324595,
          0.7720562,
          0.036224537,
          1
        ]
      },
      {
        "date" : 752677357.283268,
        "title" : "Untitled",
        "transform" : [
          0.12904614,
          4.681805e-09,
          -0.99163866,
          0,
          -0.36220673,
          0.93090516,
          -0.047135476,
          0,
          0.9231215,
          0.36526087,
          0.120129675,
          0,
          1.7997773,
          1.1274441,
          0.05289918,
          1
        ]
      },
      {
        "date" : 752677242.993231,
        "title" : "Untitled",
        "transform" : [
          0.8214539,
          4.681805e-09,
          -0.5702749,
          0,
          -0.20829912,
          0.9309053,
          -0.30004495,
          0,
          0.5308719,
          0.3652609,
          0.7646958,
          0,
          4.2738323,
          2.9405656,
          6.1562533,
          1
        ]
      }
    ],
    "AF09ED6F-1707-48FD-8720-65B998362C09" : [
      {
        "date" : 752682749.408616,
        "title" : "Untitled",
        "transform" : [
          0.42975122,
          -9.726909e-09,
          -0.9029473,
          0,
          -0.59755576,
          0.749695,
          -0.28440234,
          0,
          0.67693496,
          0.66178364,
          0.32218227,
          0,
          2.4342024,
          2.3856895,
          1.3119028,
          1
        ]
      },
      {
        "date" : 752677135.385234,
        "title" : "Untitled",
        "transform" : [
          -0.55572754,
          -1.0498425e-08,
          0.83136445,
          0,
          0.19144212,
          0.97312564,
          0.12796994,
          0,
          -0.8090222,
          0.23027466,
          -0.5407927,
          0,
          -2.8828843,
          0.8022478,
          -2.0936377,
          1
        ]
      },
      {
        "date" : 752677123.115941,
        "title" : "Untitled",
        "transform" : [
          -0.55572754,
          -1.0498425e-08,
          0.83136445,
          0,
          0.19144212,
          0.97312564,
          0.12796994,
          0,
          -0.8090222,
          0.23027466,
          -0.5407927,
          0,
          -1.9096833,
          0.5314259,
          -1.3868698,
          1
        ]
      },
      {
        "date" : 752677075.197249,
        "title" : "Untitled",
        "transform" : [
          -0.55572754,
          -1.0498425e-08,
          0.83136445,
          0,
          0.19144212,
          0.97312564,
          0.12796994,
          0,
          -0.8090222,
          0.23027466,
          -0.5407927,
          0,
          -1.4494879,
          0.4033629,
          -1.0526619,
          1
        ]
      },
      {
        "date" : 752677069.505453,
        "title" : "Untitled",
        "transform" : [
          -0.55572754,
          -1.0498425e-08,
          0.83136445,
          0,
          0.19144212,
          0.97312564,
          0.12796994,
          0,
          -0.80902207,
          0.23027463,
          -0.54079264,
          0,
          -1.3062493,
          0.3635025,
          -0.94863784,
          1
        ]
      },
      {
        "date" : 752676987.512062,
        "title" : "Untitled",
        "transform" : [
          0.9308698,
          -1.0137217e-08,
          0.365351,
          0,
          0.12989274,
          0.9346654,
          -0.33095095,
          0,
          -0.34148085,
          0.35552874,
          0.8700518,
          0,
          -1.6988374,
          0.40852776,
          3.4010108,
          1
        ]
      },
      {
        "date" : 752676975.734927,
        "title" : "Untitled",
        "transform" : [
          1,
          0,
          0,
          0,
          0,
          0.7071069,
          -0.70710677,
          0,
          0,
          0.70710677,
          0.7071069,
          0,
          -0.41753933,
          2.3701074,
          4.050776,
          1
        ]
      },
      {
        "date" : 752676967.949663,
        "title" : "Untitled",
        "transform" : [
          1,
          0,
          0,
          0,
          0,
          0.7071069,
          -0.70710677,
          0,
          0,
          0.70710677,
          0.7071069,
          0,
          -0.17097987,
          0.8822793,
          1.5578464,
          1
        ]
      }
    ]
  },
  "sceneViewportBackgroundColors" : {

  },
  "selectedSceneRelativePath" : "Dream01.usda"
}