{
  "advancedEditorSelectedIdentifier" : "ProjectBrowser",
  "openSceneRelativePaths" : [
    "Dream06.usda",
    "Dream05Final.usda",
    "Dream7Final.usda",
    "Dream04Final.usda"
  ],
  "recentIdentifiers" : {
    "3CE2B8BD-0E52-49FA-9D44-B1810074E873" : [

    ],
    "509A128B-A962-4E3F-8D7A-B327D190D478" : [

    ],
    "8737AC52-BF4B-4F3C-B7F8-82DFA139F9E5" : [

    ],
    "C7CB9AF6-84A4-4F64-8F58-A37B5AFEF4F0" : [

    ]
  },
  "sceneCameraHistory" : {
    "05D95604-69FE-48B2-A980-C0767D1689C3" : [
      {
        "date" : 753110237.432517,
        "title" : "Untitled",
        "transform" : [
          -0.33301452,
          4.2149897e-09,
          -0.9429217,
          0,
          -0.029523099,
          0.9995097,
          0.010426769,
          0,
          0.9424594,
          0.031310234,
          -0.33285132,
          0,
          0.16649055,
          0.004247904,
          -0.061426222,
          1
        ]
      },
      {
        "date" : 753019929.772895,
        "title" : "Untitled",
        "transform" : [
          -0.33301455,
          6.332392e-10,
          -0.94292164,
          0,
          -0.029523112,
          0.99950975,
          0.010426738,
          0,
          0.9424594,
          0.03131024,
          -0.3328512,
          0,
          21.771334,
          -1.7000632,
          -0.6308813,
          1
        ]
      },
      {
        "date" : 753019900.781474,
        "title" : "Untitled",
        "transform" : [
          0.99741477,
          1.7043966e-10,
          0.07185969,
          0,
          0.010722658,
          0.9888045,
          -0.14883083,
          0,
          -0.07105518,
          0.14921659,
          0.98624825,
          0,
          -0.12495515,
          1.8805227,
          1.7343658,
          1
        ]
      },
      {
        "date" : 753019870.289647,
        "title" : "Untitled",
        "transform" : [
          1,
          0,
          0,
          0,
          0,
          0.7071069,
          -0.70710677,
          0,
          0,
          0.70710677,
          0.7071069,
          0,
          -1.2441517,
          4.867696,
          1.7381357,
          1
        ]
      },
      {
        "date" : 753019859.998335,
        "title" : "Untitled",
        "transform" : [
          1,
          -0,
          0,
          0,
          0,
          0.7071069,
          -0.70710677,
          0,
          0,
          0.70710677,
          0.7071069,
          0,
          -1.1161036,
          3.6605358,
          0.25594026,
          1
        ]
      },
      {
        "date" : 753019858.18349,
        "title" : "Untitled",
        "transform" : [
          1,
          -0,
          0,
          0,
          0,
          0.7071069,
          -0.70710677,
          0,
          0,
          0.70710677,
          0.7071069,
          0,
          -1.1161036,
          3.6605358,
          0.25594026,
          1
        ]
      },
      {
        "date" : 753019855.896317,
        "title" : "Untitled",
        "transform" : [
          1,
          0,
          0,
          0,
          0,
          0.7071069,
          -0.70710677,
          0,
          0,
          0.70710677,
          0.7071069,
          0,
          -1.1161036,
          3.6605358,
          0.25594026,
          1
        ]
      },
      {
        "date" : 753019810.107025,
        "title" : "Untitled",
        "transform" : [
          1,
          -0,
          0,
          0,
          0,
          0.7071069,
          -0.70710677,
          0,
          0,
          0.70710677,
          0.7071069,
          0,
          -0.7636616,
          1.757072,
          1.9005086,
          1
        ]
      },
      {
        "date" : 753019809.065271,
        "title" : "Untitled",
        "transform" : [
          1,
          0,
          0,
          0,
          0,
          0.7071069,
          -0.70710677,
          0,
          0,
          0.70710677,
          0.7071069,
          0,
          -0.7636616,
          1.757072,
          1.9005086,
          1
        ]
      }
    ],
    "3CE2B8BD-0E52-49FA-9D44-B1810074E873" : [
      {
        "date" : 752684170.35709,
        "title" : "Untitled",
        "transform" : [
          -0.93784344,
          3.2221327e-05,
          -0.34705856,
          0,
          -0.08263241,
          0.9712215,
          0.2233849,
          0,
          0.33707786,
          0.23817831,
          -0.910851,
          0,
          627.6515,
          872.5397,
          -1664.5231,
          1
        ]
      },
      {
        "date" : 752684146.268469,
        "title" : "Untitled",
        "transform" : [
          -0.93784344,
          3.2221327e-05,
          -0.34705856,
          0,
          -0.08263241,
          0.9712215,
          0.2233849,
          0,
          0.33707786,
          0.23817831,
          -0.910851,
          0,
          226.26323,
          398.5006,
          -663.72125,
          1
        ]
      },
      {
        "date" : 752684142.394232,
        "title" : "Untitled",
        "transform" : [
          -0.6757512,
          3.2222113e-05,
          -0.73712975,
          0,
          -0.24689119,
          0.94223106,
          0.22637463,
          0,
          0.69455385,
          0.33496377,
          -0.6367059,
          0,
          510.64563,
          466.43137,
          -521.1365,
          1
        ]
      },
      {
        "date" : 752684139.60065,
        "title" : "Untitled",
        "transform" : [
          -0.65649813,
          3.22286e-05,
          -0.7543277,
          0,
          -0.14979488,
          0.980079,
          0.13040979,
          0,
          0.7393049,
          0.1986082,
          -0.6434152,
          0,
          568.5585,
          367.22708,
          -548.6659,
          1
        ]
      },
      {
        "date" : 752684138.198411,
        "title" : "Untitled",
        "transform" : [
          -0.65649813,
          3.22286e-05,
          -0.7543277,
          0,
          -0.14979488,
          0.980079,
          0.13040979,
          0,
          0.7393049,
          0.1986082,
          -0.6434152,
          0,
          671.88354,
          233.20547,
          -471.3117,
          1
        ]
      },
      {
        "date" : 752684115.645934,
        "title" : "Untitled",
        "transform" : [
          -0.65649813,
          3.22286e-05,
          -0.7543277,
          0,
          -0.14979488,
          0.980079,
          0.13040979,
          0,
          0.7393049,
          0.1986082,
          -0.6434152,
          0,
          296.47247,
          132.34026,
          -144.6617,
          1
        ]
      },
      {
        "date" : 752684111.626631,
        "title" : "Untitled",
        "transform" : [
          -0.65774035,
          3.22286e-05,
          -0.7532448,
          0,
          -0.14957976,
          0.980079,
          0.13065647,
          0,
          0.7382436,
          0.1986082,
          -0.6446327,
          0,
          618.59595,
          329.4942,
          -361.0598,
          1
        ]
      },
      {
        "date" : 752684097.331833,
        "title" : "Untitled",
        "transform" : [
          -0.6532694,
          3.2228603e-05,
          -0.7571258,
          0,
          -0.15035067,
          0.980079,
          0.12976861,
          0,
          0.74204713,
          0.19860823,
          -0.6402508,
          0,
          312.10492,
          141.488,
          -153.67021,
          1
        ]
      },
      {
        "date" : 752684033.417856,
        "title" : "Untitled",
        "transform" : [
          -0.8564567,
          3.2241318e-05,
          -0.5162187,
          0,
          -0.50228965,
          0.23068066,
          0.83336157,
          0,
          0.11910853,
          0.97302955,
          -0.19755182,
          0,
          138.9623,
          770.4175,
          72.21542,
          1
        ]
      },
      {
        "date" : 752684023.351665,
        "title" : "Untitled",
        "transform" : [
          -0.7028921,
          3.2238026e-05,
          -0.7112964,
          0,
          -0.53613204,
          0.65714943,
          0.52982736,
          0,
          0.46744514,
          0.75376034,
          -0.46188796,
          0,
          455.22046,
          563.9141,
          -307.19843,
          1
        ]
      }
    ],
    "509A128B-A962-4E3F-8D7A-B327D190D478" : [
      {
        "date" : 752682764.812137,
        "title" : "Untitled",
        "transform" : [
          -0.7423053,
          6.72014e-09,
          0.67006195,
          0,
          -0.09767192,
          0.98931915,
          -0.10820253,
          0,
          -0.66290516,
          -0.14576553,
          -0.73437667,
          0,
          -15.212304,
          -0.87499976,
          -11.890532,
          1
        ]
      },
      {
        "date" : 752682735.148609,
        "title" : "Untitled",
        "transform" : [
          0.9834458,
          4.959978e-09,
          -0.18120211,
          0,
          -0.05136594,
          0.95898014,
          -0.27878046,
          0,
          0.17376928,
          0.28347316,
          0.9431051,
          0,
          1.9012759,
          2.117463,
          4.921721,
          1
        ]
      },
      {
        "date" : 752682729.842075,
        "title" : "Untitled",
        "transform" : [
          0.9834458,
          4.959978e-09,
          -0.18120211,
          0,
          -0.05136594,
          0.95898014,
          -0.27878046,
          0,
          0.17376928,
          0.28347316,
          0.9431051,
          0,
          1.2762427,
          1.0978353,
          1.5294592,
          1
        ]
      },
      {
        "date" : 752681316.815781,
        "title" : "Untitled",
        "transform" : [
          0.9852653,
          4.9599787e-09,
          -0.17103344,
          0,
          -0.048483394,
          0.95898014,
          -0.2792962,
          0,
          0.1640177,
          0.28347316,
          0.9448498,
          0,
          1.1086128,
          0.8388387,
          2.456962,
          1
        ]
      },
      {
        "date" : 752679329.292337,
        "title" : "Untitled",
        "transform" : [
          0.12904614,
          4.681805e-09,
          -0.99163866,
          0,
          -0.36220673,
          0.93090516,
          -0.047135476,
          0,
          0.9231215,
          0.36526087,
          0.120129675,
          0,
          7.1888914,
          3.07936,
          0.15447581,
          1
        ]
      },
      {
        "date" : 752679321.175318,
        "title" : "Untitled",
        "transform" : [
          0.12904614,
          4.681805e-09,
          -0.99163866,
          0,
          -0.36220673,
          0.93090516,
          -0.047135476,
          0,
          0.9231215,
          0.36526087,
          0.120129675,
          0,
          1.2324595,
          0.7720562,
          0.036224537,
          1
        ]
      },
      {
        "date" : 752677357.283268,
        "title" : "Untitled",
        "transform" : [
          0.12904614,
          4.681805e-09,
          -0.99163866,
          0,
          -0.36220673,
          0.93090516,
          -0.047135476,
          0,
          0.9231215,
          0.36526087,
          0.120129675,
          0,
          1.7997773,
          1.1274441,
          0.05289918,
          1
        ]
      },
      {
        "date" : 752677242.993231,
        "title" : "Untitled",
        "transform" : [
          0.8214539,
          4.681805e-09,
          -0.5702749,
          0,
          -0.20829912,
          0.9309053,
          -0.30004495,
          0,
          0.5308719,
          0.3652609,
          0.7646958,
          0,
          4.2738323,
          2.9405656,
          6.1562533,
          1
        ]
      }
    ],
    "8737AC52-BF4B-4F3C-B7F8-82DFA139F9E5" : [
      {
        "date" : 753107383.471432,
        "title" : "Untitled",
        "transform" : [
          -0.1325963,
          -3.3385952e-09,
          0.99117017,
          0,
          -0.14379843,
          0.98942,
          -0.019236997,
          0,
          -0.98068357,
          -0.14507946,
          -0.13119341,
          0,
          -210.42499,
          -8.483673,
          -49.95024,
          1
        ]
      },
      {
        "date" : 753107266.889373,
        "title" : "Untitled",
        "transform" : [
          -0.1325963,
          -3.3385952e-09,
          0.99117017,
          0,
          -0.14379843,
          0.98942,
          -0.019236997,
          0,
          -0.98068357,
          -0.14507946,
          -0.13119341,
          0,
          -207.89148,
          -24.119982,
          -51.59721,
          1
        ]
      },
      {
        "date" : 753025742.28449,
        "title" : "Untitled",
        "transform" : [
          -0.13259631,
          -7.872153e-10,
          0.9911701,
          0,
          -0.14379843,
          0.98942,
          -0.019237002,
          0,
          -0.9806836,
          -0.14507946,
          -0.13119344,
          0,
          -179.26453,
          -38.601406,
          27.647375,
          1
        ]
      },
      {
        "date" : 753025707.567753,
        "title" : "Untitled",
        "transform" : [
          -0.51596415,
          -2.6400126e-05,
          -0.8566102,
          0,
          -0.22020225,
          0.96639884,
          0.1326052,
          0,
          0.82782364,
          0.25704703,
          -0.49863303,
          0,
          95.310616,
          12.842269,
          1.282335,
          1
        ]
      },
      {
        "date" : 753025703.883226,
        "title" : "Untitled",
        "transform" : [
          -0.9979896,
          -3.6575604e-11,
          -0.063377604,
          0,
          -0.0009509699,
          0.9998874,
          0.014974657,
          0,
          0.06337047,
          0.015004822,
          -0.99787724,
          0,
          72.128746,
          2.2707124,
          -37.755623,
          1
        ]
      },
      {
        "date" : 753025698.431434,
        "title" : "Untitled",
        "transform" : [
          1,
          0,
          0,
          0,
          0,
          1,
          0,
          0,
          0,
          0,
          1,
          0,
          -6.977768,
          3.4431248,
          2,
          1
        ]
      },
      {
        "date" : 753025674.968942,
        "title" : "Untitled",
        "transform" : [
          1,
          0,
          0,
          0,
          0,
          1,
          0,
          0,
          0,
          0,
          1,
          0,
          -0.00016784668,
          2.7635956,
          1.9999962,
          1
        ]
      },
      {
        "date" : 753025665.105606,
        "title" : "Untitled",
        "transform" : [
          1,
          0,
          0,
          0,
          0,
          1,
          0,
          0,
          0,
          0,
          1,
          0,
          4.6552277,
          -1.6005306,
          2,
          1
        ]
      },
      {
        "date" : 753025654.909773,
        "title" : "Untitled",
        "transform" : [
          1,
          0,
          0,
          0,
          0,
          1,
          0,
          0,
          0,
          0,
          1,
          0,
          -53.972153,
          37.09545,
          2.0000038,
          1
        ]
      },
      {
        "date" : 753025652.308963,
        "title" : "Untitled",
        "transform" : [
          1,
          0,
          0,
          0,
          0,
          1,
          0,
          0,
          0,
          0,
          1,
          0,
          -22.111938,
          13.965258,
          2,
          1
        ]
      }
    ],
    "AF09ED6F-1707-48FD-8720-65B998362C09" : [
      {
        "date" : 752682749.408616,
        "title" : "Untitled",
        "transform" : [
          0.42975122,
          -9.726909e-09,
          -0.9029473,
          0,
          -0.59755576,
          0.749695,
          -0.28440234,
          0,
          0.67693496,
          0.66178364,
          0.32218227,
          0,
          2.4342024,
          2.3856895,
          1.3119028,
          1
        ]
      },
      {
        "date" : 752677135.385234,
        "title" : "Untitled",
        "transform" : [
          -0.55572754,
          -1.0498425e-08,
          0.83136445,
          0,
          0.19144212,
          0.97312564,
          0.12796994,
          0,
          -0.8090222,
          0.23027466,
          -0.5407927,
          0,
          -2.8828843,
          0.8022478,
          -2.0936377,
          1
        ]
      },
      {
        "date" : 752677123.115941,
        "title" : "Untitled",
        "transform" : [
          -0.55572754,
          -1.0498425e-08,
          0.83136445,
          0,
          0.19144212,
          0.97312564,
          0.12796994,
          0,
          -0.8090222,
          0.23027466,
          -0.5407927,
          0,
          -1.9096833,
          0.5314259,
          -1.3868698,
          1
        ]
      },
      {
        "date" : 752677075.197249,
        "title" : "Untitled",
        "transform" : [
          -0.55572754,
          -1.0498425e-08,
          0.83136445,
          0,
          0.19144212,
          0.97312564,
          0.12796994,
          0,
          -0.8090222,
          0.23027466,
          -0.5407927,
          0,
          -1.4494879,
          0.4033629,
          -1.0526619,
          1
        ]
      },
      {
        "date" : 752677069.505453,
        "title" : "Untitled",
        "transform" : [
          -0.55572754,
          -1.0498425e-08,
          0.83136445,
          0,
          0.19144212,
          0.97312564,
          0.12796994,
          0,
          -0.80902207,
          0.23027463,
          -0.54079264,
          0,
          -1.3062493,
          0.3635025,
          -0.94863784,
          1
        ]
      },
      {
        "date" : 752676987.512062,
        "title" : "Untitled",
        "transform" : [
          0.9308698,
          -1.0137217e-08,
          0.365351,
          0,
          0.12989274,
          0.9346654,
          -0.33095095,
          0,
          -0.34148085,
          0.35552874,
          0.8700518,
          0,
          -1.6988374,
          0.40852776,
          3.4010108,
          1
        ]
      },
      {
        "date" : 752676975.734927,
        "title" : "Untitled",
        "transform" : [
          1,
          0,
          0,
          0,
          0,
          0.7071069,
          -0.70710677,
          0,
          0,
          0.70710677,
          0.7071069,
          0,
          -0.41753933,
          2.3701074,
          4.050776,
          1
        ]
      },
      {
        "date" : 752676967.949663,
        "title" : "Untitled",
        "transform" : [
          1,
          0,
          0,
          0,
          0,
          0.7071069,
          -0.70710677,
          0,
          0,
          0.70710677,
          0.7071069,
          0,
          -0.17097987,
          0.8822793,
          1.5578464,
          1
        ]
      }
    ],
    "C7CB9AF6-84A4-4F64-8F58-A37B5AFEF4F0" : [
      {
        "date" : 753107914.719968,
        "title" : "Untitled",
        "transform" : [
          -0.4120344,
          5.1951496e-09,
          0.91116834,
          0,
          -0.91061324,
          0.034899537,
          -0.4117834,
          0,
          -0.031799417,
          -0.99939084,
          -0.01437977,
          0,
          -12.080913,
          -194.17732,
          -61.029045,
          1
        ]
      },
      {
        "date" : 753107635.135536,
        "title" : "Untitled",
        "transform" : [
          -0.41203433,
          5.195148e-09,
          0.9111682,
          0,
          -0.91061324,
          0.034899477,
          -0.4117834,
          0,
          -0.03179936,
          -0.99939084,
          -0.014379745,
          0,
          -29.239578,
          -193.69006,
          -56.949406,
          1
        ]
      },
      {
        "date" : 753025569.315893,
        "title" : "Untitled",
        "transform" : [
          -0.8054756,
          -1.6254528e-08,
          0.592629,
          0,
          -0.10990527,
          0.9826529,
          -0.14937848,
          0,
          -0.5823487,
          -0.18545376,
          -0.7915029,
          0,
          -345.09244,
          25.526985,
          -733.8371,
          1
        ]
      },
      {
        "date" : 753022413.828065,
        "title" : "Untitled",
        "transform" : [
          -0.8054755,
          -1.6254527e-08,
          0.59262896,
          0,
          -0.10990527,
          0.9826529,
          -0.14937848,
          0,
          -0.5823487,
          -0.18545376,
          -0.7915029,
          0,
          -436.69324,
          -115.45898,
          -633.4079,
          1
        ]
      },
      {
        "date" : 753019924.928142,
        "title" : "Untitled",
        "transform" : [
          -0.8457151,
          -1.6254527e-08,
          0.5336346,
          0,
          -0.09896455,
          0.9826529,
          -0.15684107,
          0,
          -0.5243777,
          -0.18545376,
          -0.8310445,
          0,
          -162.99712,
          -31.42517,
          -281.4884,
          1
        ]
      },
      {
        "date" : 753019762.23985,
        "title" : "Untitled",
        "transform" : [
          0.99994504,
          0,
          -0.010482596,
          0,
          0,
          1,
          0,
          0,
          0.010482596,
          0,
          0.99994504,
          0,
          -0.108987555,
          1.2623702,
          2.883916,
          1
        ]
      },
      {
        "date" : 753019737.131687,
        "title" : "Untitled",
        "transform" : [
          0.99994504,
          0,
          -0.010482596,
          0,
          0,
          1,
          0,
          0,
          0.010482596,
          0,
          0.99994504,
          0,
          -0.0730496,
          1.2922325,
          2.558908,
          1
        ]
      },
      {
        "date" : 753019336.566948,
        "title" : "Untitled",
        "transform" : [
          1,
          0,
          0,
          0,
          0,
          1,
          0,
          0,
          0,
          0,
          1,
          0,
          -0.12596859,
          1.6299328,
          3.2264862,
          1
        ]
      },
      {
        "date" : 753019334.572487,
        "title" : "Untitled",
        "transform" : [
          1,
          0,
          0,
          0,
          0,
          1,
          0,
          0,
          0,
          0,
          1,
          0,
          -0.12596859,
          1.6299328,
          3.2264862,
          1
        ]
      },
      {
        "date" : 753018991.886948,
        "title" : "Untitled",
        "transform" : [
          0.9606169,
          -1.8779025e-09,
          0.27787608,
          0,
          0.013052935,
          0.9988961,
          -0.045123957,
          0,
          -0.27756935,
          0.046973936,
          0.9595566,
          0,
          0,
          1.6,
          2,
          1
        ]
      }
    ],
    "E3008092-14F9-4A5D-86E7-594EBBF29DE3" : [
      {
        "date" : 753110815.109488,
        "title" : "Untitled",
        "transform" : [
          0.99992955,
          1.869976e-09,
          -0.011872338,
          0,
          -0.0019949754,
          0.98578095,
          -0.16802336,
          0,
          0.0117035275,
          0.16803512,
          0.98571146,
          0,
          0.031255912,
          0.44876152,
          2.632481,
          1
        ]
      },
      {
        "date" : 753110782.881065,
        "title" : "Untitled",
        "transform" : [
          0.9992395,
          1.946861e-09,
          0.038991194,
          0,
          0.0120184915,
          0.95131,
          -0.30800176,
          0,
          -0.037092708,
          0.3082361,
          0.95058656,
          0,
          -0.09593287,
          0.7971911,
          2.4585018,
          1
        ]
      }
    ]
  },
  "sceneViewportBackgroundColors" : {

  },
  "selectedSceneRelativePath" : "Dream06.usda"
}